460.4351501464844
172.83546447753906
466.5610656738281
161.5450897216797
466.3494873046875
154.5173797607422
467.216552734375
218.4178924560547
216.25880432128906
288.2052307128906
190.11355590820312
154.22726440429688
242.26222229003906
422.65557861328125
250.545654296875
467.3739929199219
441.0511779785156
316.9364929199219
457.5517578125
426.8711853027344
338.2872314453125
151.84266662597656
215.7364959716797
237.593505859375
437.1392517089844
217.8742218017578
218.6807098388672
262.6460876464844
208.3922119140625
447.5894775390625
312.11572265625
329.1758117675781
327.8668518066406
210.1595001220703
242.9701690673828
247.7648162841797
335.284912109375
152.78614807128906
414.9891662597656
325.9789123535156
152.43954467773438
215.1605224609375
245.19403076171875
324.10546875
148.31655883789062
152.84312438964844
458.6389465332031
201.32791137695312
317.5426330566406
283.0951843261719
436.1634521484375
362.3854064941406
177.8869171142578
443.1755065917969
364.5242004394531
339.6058044433594
458.9128723144531
317.5940856933594
150.54603576660156
436.18280029296875
149.7616424560547
256.9482116699219
280.3471984863281
192.4431610107422
444.9067687988281
352.0833435058594
295.0808410644531
427.60650634765625
457.2062072753906
461.7825622558594
286.1329040527344
287.5332946777344
153.4981231689453
466.9394226074219
250.91517639160156
391.62896728515625
168.62705993652344
338.4182434082031
333.9734802246094
233.35861206054688
251.0324249267578
252.4977569580078
255.1820831298828
172.1857147216797
291.6238098144531
451.02728271484375
210.40103149414062
268.3948059082031
191.1428985595703
293.7745361328125
212.6220703125
300.6370544433594
386.9305114746094
194.76315307617188
313.7654724121094
305.4888000488281
340.9198303222656
219.94210815429688
338.5402526855469
321.8478698730469
847.2400512695312
1535.8277587890625
780.5125732421875
1697.4859619140625
1290.0780029296875
619.5753784179688
1349.7642822265625
1523.9735107421875
729.056396484375
1332.5386962890625
707.8983154296875
1537.4786376953125
1544.309326171875
1540.7567138671875
1570.6275634765625
1485.4381103515625
810.39111328125
700.0604248046875
1278.0687255859375
720.685791015625
1677.8514404296875
1613.2645263671875
850.3585815429688
1155.30419921875
745.826416015625
1623.9573974609375
826.64599609375
721.919921875
622.4803466796875
812.83935546875
1442.9693603515625
967.8242797851562
994.063720703125
892.607177734375
1348.7757568359375
809.7977294921875
1151.8270263671875
1483.2015380859375
1456.691650390625
864.9918212890625
698.1646118164062
1015.6134033203125
1157.4017333984375
835.989990234375
994.8731079101562
1443.305419921875
1620.4444580078125
1570.9278564453125
900.6958618164062
1426.6976318359375
900.2732543945312
1551.189453125
1036.9019775390625
1467.162841796875
1331.8245849609375
954.6830444335938
1212.1904296875
1219.6005859375
805.4403686523438
701.0377197265625
1352.2606201171875
604.6375732421875
1114.3907470703125
854.089599609375
1461.50341796875
1414.7235107421875
765.3798828125
720.4619750976562
1679.9642333984375
477.75518798828125
762.48388671875
928.2674560546875
790.1998291015625
1228.0428466796875
1285.280029296875
1413.7098388671875
1559.4976806640625
728.967529296875
700.8857421875
816.7896728515625
1508.8731689453125
1257.1671142578125
1000.6730346679688
1689.2020263671875
1015.280029296875
1090.6771240234375
776.0513916015625
906.7793579101562
912.72314453125
1468.5997314453125
1561.4898681640625
1288.3226318359375
920.3624267578125
563.9774169921875
510.6986389160156
1149.120849609375
982.1141967773438
725.4580078125
748.3203125
917.7747192382812
1954.3612060546875
1567.3687744140625
1595.0968017578125
1018.6199951171875
1570.9207763671875
2175.6376953125
1150.0054931640625
979.316162109375
1289.6046142578125
1696.3392333984375
1591.8309326171875
1317.614990234375
1606.0263671875
1095.7857666015625
1740.4263916015625
1747.462158203125
1593.262451171875
1122.806884765625
1983.4085693359375
1553.6622314453125
1104.109375
1414.4752197265625
1960.8009033203125
1765.5391845703125
1802.6685791015625
1411.165771484375
1355.7332763671875
1827.4759521484375
1021.613037109375
1666.0545654296875
661.5348510742188
1587.1715087890625
1138.9210205078125
1635.55224609375
1059.0606689453125
1786.9781494140625
1110.2989501953125
1636.6978759765625
1655.5296630859375
1631.4754638671875
1139.9027099609375
1571.3966064453125
762.1712036132812
1598.9749755859375
1714.0435791015625
1847.9044189453125
2080.111328125
1813.914306640625
1545.625732421875
1814.7794189453125
1318.9935302734375
1260.8973388671875
1965.6337890625
1561.8111572265625
1886.8887939453125
1073.0543212890625
1521.779296875
935.9885864257812
1504.1759033203125
1232.7791748046875
1584.4927978515625
1727.4342041015625
1852.7489013671875
1291.8123779296875
1595.6937255859375
1785.8880615234375
1739.7855224609375
1332.493896484375
1468.2572021484375
1928.1136474609375
1636.253662109375
1758.6246337890625
1520.4769287109375
1235.8424072265625
1007.9196166992188
956.81201171875
1865.1190185546875
1473.4290771484375
1663.6475830078125
969.635498046875
2047.023681640625
1197.861328125
1526.689697265625
1978.02783203125
1503.4185791015625
1970.1553955078125
1813.9176025390625
1195.26171875
1703.9320068359375
1211.9222412109375
2048.484130859375
1938.303955078125
2082.6396484375
1961.6275634765625
1094.2318115234375
1544.5068359375
979.9115600585938
1894.7725830078125
1592.7806396484375
1694.88134765625
1480.26513671875
1032.7762451171875
1369.5855712890625
866.0692749023438
1384.0091552734375
811.4783325195312
1016.280517578125
1450.677001953125
1401.9822998046875
1551.0093994140625
1026.7984619140625
1294.1593017578125
1149.111328125
1200.6754150390625
1244.1055908203125
926.0462036132812
1005.8204345703125
634.8318481445312
1135.7562255859375
1072.38623046875
1613.0230712890625
883.832275390625
783.7843627929688
1431.5267333984375
1514.630126953125
1100.4404296875
1228.74365234375
1565.17236328125
1155.3612060546875
958.519775390625
617.1231079101562
699.6785888671875
676.162353515625
2017.110107421875
1360.2244873046875
837.86767578125
716.6046752929688
696.985595703125
973.952880859375
1022.9913330078125
728.1728515625
907.82568359375
1314.6470947265625
1421.7933349609375
976.4072875976562
1053.224853515625
1379.6766357421875
683.7613525390625
996.5836791992188
1132.56640625
1827.5057373046875
1046.183349609375
669.802490234375
1125.241455078125
635.3818359375
728.8368530273438
1353.0333251953125
1440.5267333984375
607.3524169921875
668.2589111328125
716.953857421875
1144.6873779296875
1890.410888671875
1390.1583251953125
651.9701538085938
1645.1317138671875
1447.7935791015625
848.0475463867188
730.7293701171875
1123.909912109375
1046.5821533203125
1111.2730712890625
1454.3785400390625
1357.6690673828125
1366.7156982421875
1117.6370849609375
1366.054931640625
629.31201171875
764.664794921875
1231.7557373046875
768.279296875
981.3358154296875
1353.5755615234375
569.5478515625
1229.9351806640625
741.3285522460938
2003.4737548828125
578.0391235351562
861.7836303710938
1438.9967041015625
680.605712890625
978.7562866210938
678.8656005859375
1351.6329345703125
1816.5281982421875
1135.6427001953125
1439.2945556640625
839.6679077148438
1130.1212158203125
1646.1912841796875
992.33447265625
706.6234741210938
880.412109375
1146.9617919921875
819.121826171875
563.81298828125
992.9341430664062
938.535400390625
570.4310302734375
1131.1654052734375
680.3282470703125
1096.9825439453125
756.283935546875
1044.7796630859375
775.6167602539062
640.8150634765625
1247.4342041015625
536.730712890625
1473.0885009765625
505.6786804199219
1042.0958251953125
550.1907958984375
893.3408203125
899.4007568359375
763.1780395507812
812.2874755859375
1240.1588134765625
793.7144775390625
496.3285827636719
1404.1632080078125
500.20538330078125
758.8621826171875
1099.7215576171875
1038.9757080078125
622.685546875
1570.8284912109375
920.1543579101562
886.681396484375
752.932861328125
1009.8715209960938
1079.1446533203125
914.77783203125
536.486572265625
622.208251953125
596.753173828125
1124.48486328125
624.166748046875
941.216064453125
1133.0003662109375
650.098388671875
274.4952697753906
277.904296875
313.7718200683594
713.76123046875
1187.6590576171875
638.6660766601562
884.5498046875
767.91357421875
385.6376037597656
784.1066284179688
878.9967041015625
824.3028564453125
863.061279296875
783.23876953125
1244.5833740234375
423.5865173339844
926.7432250976562
1126.54931640625
1186.5638427734375
311.3587646484375
798.8531494140625
1002.7940063476562
1164.5277099609375
1097.51416015625
734.1237182617188
751.115478515625
1076.4732666015625
1089.3131103515625
846.397705078125
360.4352111816406
599.74169921875
715.8663330078125
280.1987609863281
310.6336975097656
786.3353881835938
679.07568359375
1198.029052734375
846.6702270507812
748.0340576171875
1073.79736328125
467.1837463378906
601.114501953125
380.76959228515625
792.9006958007812
353.8930358886719
302.82672119140625
1077.6884765625
894.7412109375
780.0096435546875
753.3259887695312
954.9564208984375
838.6259765625
646.3923950195312
270.7120361328125
1011.9962768554688
270.6456298828125
725.6817016601562
595.783447265625
849.360595703125
619.6788330078125
850.856201171875
741.6591186523438
620.569091796875
392.0822448730469
285.2489318847656
781.1450805664062
791.980224609375
1211.3778076171875
843.7698974609375
386.2056579589844
996.1793212890625
761.532958984375
1198.1756591796875
382.3998718261719
617.2412109375
411.7604675292969
621.589599609375
791.944091796875
829.3006591796875
340.10064697265625
628.4027099609375
933.0991821289062
781.7906494140625
663.8792724609375
287.0309753417969
803.8098754882812
931.7715454101562
303.7874755859375
1082.1275634765625
603.716552734375
855.0789184570312
1062.3587646484375
781.3932495117188
248.42010498046875
395.81744384765625
379.41131591796875
1179.9884033203125
1108.0157470703125
351.8231506347656
746.4256591796875
1448.6080322265625
1132.4283447265625
1305.47216796875
1450.2445068359375
1224.0703125
500.4075927734375
681.0330810546875
750.93212890625
1084.430419921875
1399.2725830078125
796.8668823242188
1360.7694091796875
929.0529174804688
680.6307373046875
1429.6827392578125
665.5801391601562
713.0847778320312
602.6810913085938
948.6732788085938
1410.1326904296875
616.3523559570312
649.8416748046875
873.8817749023438
1479.3184814453125
1232.375244140625
677.362060546875
1476.138916015625
676.534912109375
1307.0152587890625
683.4381713867188
628.7593994140625
1082.7943115234375
612.8075561523438
637.0004272460938
760.1209106445312
1476.9163818359375
1384.9488525390625
965.8438720703125
1081.470703125
1242.831787109375
1530.740478515625
847.9901123046875
1099.015625
1524.9478759765625
758.50537109375
1402.7523193359375
1362.346435546875
1264.3914794921875
863.7236328125
1304.3017578125
1459.0213623046875
767.9620971679688
1574.8289794921875
1351.2547607421875
585.0629272460938
1416.5157470703125
841.8910522460938
626.3699951171875
781.33447265625
1486.980224609375
862.7623901367188
1140.0343017578125
1214.1763916015625
1559.1009521484375
1422.5709228515625
817.0553588867188
1053.6583251953125
1312.405029296875
1405.0626220703125
708.5657958984375
1513.032470703125
476.1927185058594
1361.5137939453125
516.896240234375
868.566650390625
1282.4622802734375
1297.6688232421875
749.0765380859375
1458.1756591796875
1005.29150390625
835.0162963867188
736.473876953125
745.2194213867188
1433.430419921875
892.4510498046875
674.5291748046875
1494.943603515625
1364.632080078125
850.95556640625
1505.3458251953125
520.9140625
1071.3209228515625
748.87548828125
1026.8570556640625
970.07763671875
1181.227783203125
667.6171264648438
1300.3021240234375
1433.0423583984375
788.5272216796875
1915.61279296875
2058.834716796875
2060.53173828125
1972.7242431640625
1857.2855224609375
2071.058349609375
2089.875244140625
2011.50244140625
2057.12841796875
1950.6943359375
2129.30712890625
2083.718505859375
1766.0638427734375
1961.815673828125
1857.0196533203125
2021.860107421875
1810.8272705078125
2082.9287109375
1918.82666015625
1940.3077392578125
1849.9525146484375
1776.7918701171875
2071.70068359375
1926.6060791015625
2124.573974609375
1868.2315673828125
2009.856689453125
2163.0595703125
1822.950927734375
2090.18115234375
1839.283447265625
1996.229736328125
2056.51220703125
1995.6783447265625
2102.75146484375
1802.3802490234375
1845.4671630859375
2054.550537109375
1937.28564453125
1829.7364501953125
1861.305908203125
2082.759033203125
2003.4351806640625
1855.9962158203125
1802.442138671875
1969.319091796875
1843.6297607421875
1799.2884521484375
2186.394775390625
2187.34619140625
1876.7939453125
2005.6826171875
1918.9322509765625
1954.4222412109375
2102.7431640625
1841.3201904296875
1965.8697509765625
2144.07275390625
1951.569580078125
1865.9071044921875
1859.348876953125
1864.5401611328125
1853.9735107421875
1923.7506103515625
1935.7423095703125
1900.8135986328125
2045.3446044921875
1870.9669189453125
2071.764404296875
1851.4327392578125
2236.03759765625
2028.0526123046875
1915.5789794921875
1954.8504638671875
1826.6680908203125
2146.9267578125
1834.18310546875
2086.234130859375
1976.9337158203125
1935.30029296875
1900.0428466796875
1943.8717041015625
1813.8787841796875
1914.996826171875
1999.186767578125
1949.2735595703125
2021.0848388671875
1907.98876953125
1939.09912109375
2077.268798828125
1865.5843505859375
2057.68408203125
2127.198974609375
1794.2894287109375
2058.56640625
1830.7301025390625
2085.4931640625
2046.2734375
1873.7344970703125
1908.2806396484375
1408.15283203125
1178.239501953125
975.1552124023438
1933.423095703125
1477.5816650390625
870.4708251953125
1274.061767578125
1414.5208740234375
616.60205078125
1259.9473876953125
2287.502197265625
1602.1680908203125
1868.4908447265625
1888.9427490234375
1379.9705810546875
2086.4619140625
1694.6119384765625
1775.38525390625
1800.0045166015625
1497.3199462890625
1345.51171875
2277.87841796875
1737.3070068359375
1871.5079345703125
1483.3709716796875
1447.9190673828125
1599.034423828125
832.8447875976562
1993.8197021484375
1579.270751953125
1742.6402587890625
1593.2125244140625
1884.5318603515625
1182.052978515625
1588.8521728515625
2022.90869140625
601.8501586914062
1898.5015869140625
1710.9710693359375
386.8689270019531
1952.6893310546875
2105.881591796875
1138.0621337890625
696.6369018554688
1398.3956298828125
1709.7613525390625
1910.5604248046875
791.3349609375
1652.6724853515625
1448.3031005859375
1637.6116943359375
1420.8258056640625
1272.2135009765625
2237.48193359375
1579.1097412109375
1034.2744140625
1564.3900146484375
1833.69775390625
1365.6773681640625
1907.7696533203125
1343.44384765625
1100.247802734375
750.8878784179688
184.49627685546875
1315.6910400390625
1376.599853515625
1141.2528076171875
1940.0018310546875
1418.075927734375
865.9066772460938
1561.5711669921875
1416.4063720703125
1408.9166259765625
516.8568115234375
1531.418212890625
1658.962158203125
1598.91455078125
1664.5950927734375
687.2021484375
1690.5235595703125
1259.25634765625
1005.0096435546875
1438.0242919921875
1923.9678955078125
616.8136596679688
1738.654541015625
1424.009033203125
1857.1990966796875
960.4383544921875
1783.7286376953125
2202.900390625
828.8768310546875
1349.4761962890625
1360.0162353515625
1480.8389892578125
1688.27294921875
1829.4700927734375
1312.004150390625
1010.3093872070312
1153.49365234375
1475.1513671875
1857.9588623046875
1616.42041015625
1759.4765625
1917.2177734375
1825.201171875
1866.6402587890625
1863.6668701171875
1401.5460205078125
1749.9058837890625
1390.521484375
1176.2159423828125
1239.5611572265625
1478.2642822265625
1368.6678466796875
1305.4761962890625
1559.06591796875
1467.0450439453125
1327.9815673828125
1597.9710693359375
948.432861328125
1567.465576171875
1833.0555419921875
1195.3035888671875
1325.8133544921875
2171.61669921875
1255.3084716796875
1739.6942138671875
1597.8145751953125
1885.178955078125
563.1041259765625
1489.8260498046875
1332.0362548828125
1211.305419921875
554.60595703125
1400.1009521484375
1103.7723388671875
1188.3499755859375
1768.56640625
1283.6339111328125
885.4463500976562
1402.4554443359375
874.0736694335938
1881.1131591796875
1095.181640625
1928.3421630859375
1937.6611328125
1110.9425048828125
872.6319580078125
1768.0045166015625
1644.947265625
1574.9971923828125
1976.0430908203125
2194.92578125
1597.1644287109375
748.8236083984375
1610.9642333984375
727.9486083984375
1226.1156005859375
1737.9437255859375
1886.0562744140625
784.2206420898438
665.8377685546875
1296.7813720703125
1637.73828125
1113.3936767578125
778.567138671875
1690.740234375
1627.660400390625
2092.822265625
1836.666015625
1916.1859130859375
1006.3099975585938
1971.6707763671875
1401.6356201171875
1387.11865234375
1645.4219970703125
1994.1488037109375
1650.8887939453125
1705.17236328125
950.0635986328125
1806.6839599609375
1868.7772216796875
1588.8751220703125
1637.1466064453125
1522.5504150390625
539.6697998046875
1082.4044189453125
788.530517578125
1449.6053466796875
1984.4666748046875
1936.617431640625
1421.7933349609375
1414.781982421875
1162.0167236328125
1489.382568359375
1682.2008056640625
1759.9520263671875
1377.9210205078125
1632.2430419921875
1473.3375244140625
1343.8377685546875
1998.6673583984375
1521.5537109375
999.174560546875
1645.3895263671875
1425.7266845703125
1592.5908203125
1637.876708984375
1984.0797119140625
1552.421630859375
1617.8243408203125
1750.7620849609375
1470.8277587890625
1688.2108154296875
2234.88818359375
1872.0572509765625
2068.88037109375
1536.2591552734375
993.0282592773438
1094.015625
2287.859619140625
1969.627197265625
1962.682373046875
1423.8638916015625
1627.865478515625
817.2725830078125
534.9691162109375
1495.6663818359375
1686.39208984375
1191.534912109375
1071.1551513671875
1262.4375
1895.0455322265625
2018.990234375
1647.9522705078125
1859.6356201171875
2082.361572265625
2030.7989501953125
1810.7645263671875
1597.2900390625
1594.7906494140625
1805.2232666015625
1479.0472412109375
2013.0118408203125
1532.0196533203125
1282.8343505859375
1910.389404296875
1746.7237548828125
1909.2952880859375
634.4188232421875
704.5977783203125
1958.6815185546875
1618.4403076171875
1764.8447265625
2098.97900390625
1635.3248291015625
1877.64453125
1609.9644775390625
1978.2696533203125
1259.7867431640625
1874.12060546875
819.3535766601562
1525.7728271484375
1673.3697509765625
1646.4041748046875
1339.9481201171875
1587.3336181640625
1009.3574829101562
1849.8555908203125
1647.7286376953125
859.479248046875
1567.6568603515625
1788.07421875
784.8694458007812
1271.7298583984375
1674.658935546875
1873.1949462890625
1888.6185302734375
1361.5213623046875
1034.4005126953125
1055.0650634765625
933.80810546875
1447.33251953125
1456.8616943359375
822.8471069335938
1836.8177490234375
1141.2318115234375
1147.8682861328125
1809.9176025390625
1541.373291015625
1007.233642578125
1822.5059814453125
1311.982177734375
1126.9658203125
1552.0916748046875
611.079345703125
1333.639892578125
1196.6448974609375
1705.7403564453125
725.3839111328125
1355.9403076171875
963.542724609375
1938.2757568359375
1307.8709716796875
1508.99609375
1716.0335693359375
1635.7529296875
933.9200439453125
1992.5711669921875
1736.0826416015625
1100.7027587890625
1256.9603271484375
1591.4337158203125
1591.1002197265625
1246.342041015625
1739.1937255859375
1834.2449951171875
1703.8658447265625
1610.0849609375
1401.587158203125
1817.784423828125
738.2052001953125
1396.78125
1263.1627197265625
1676.8480224609375
1242.1510009765625
1650.0426025390625
1837.9669189453125
944.616943359375
1582.784912109375
1317.295166015625
1881.7589111328125
1764.626220703125
1390.157470703125
627.8756103515625
1167.6290283203125
1940.1226806640625
1679.3724365234375
849.470458984375
1801.032958984375
1325.0394287109375
1299.2978515625
1842.0382080078125
1546.2305908203125
1438.3367919921875
556.1215209960938
1065.37841796875
1872.5196533203125
1673.4310302734375
1002.1239624023438
950.4129028320312
1946.7420654296875
1152.1265869140625
1470.0806884765625
1760.851806640625
1612.2431640625
1481.8245849609375
826.4481201171875
1890.2021484375
1702.4979248046875
1859.9801025390625
1854.05419921875
1489.559326171875
1561.919189453125
1645.9697265625
1929.938232421875
824.799560546875
1717.3038330078125
1729.3262939453125
1562.5059814453125
1370.1370849609375
1848.5662841796875
817.37939453125
1612.5220947265625
1484.8636474609375
1896.2701416015625
2064.91748046875
1655.5645751953125
1627.0955810546875
1526.3359375
1872.0758056640625
1659.7147216796875
950.8866577148438
1021.1492919921875
1241.38330078125
1269.6439208984375
1534.450439453125
1732.890625
2169.38037109375
1538.6561279296875
1197.2801513671875
1255.022216796875
1106.26220703125
1536.7926025390625
1228.7537841796875
2033.821533203125
1782.5400390625
1826.3619384765625
1370.429931640625
1649.2099609375
1730.7799072265625
250.0032196044922
2083.88671875
1420.6773681640625
1671.6578369140625
1604.841796875
1787.2064208984375
1935.4346923828125
941.321044921875
677.3287353515625
1173.6011962890625
739.758544921875
1820.85498046875
1795.8651123046875
1958.6234130859375
468.67828369140625
1390.1788330078125
1747.9552001953125
1551.561279296875
1618.0877685546875
1549.591064453125
1253.952880859375
1823.096435546875
1098.6258544921875
1588.1029052734375
1686.00390625
1469.0628662109375
2070.9833984375
1730.591064453125
681.9854736328125
1633.7430419921875
624.0855712890625
1537.1607666015625
1872.505615234375
1834.2396240234375
771.2195434570312
1542.376953125
1274.58056640625
989.1666259765625
1703.4879150390625
898.27734375
1687.7657470703125
1695.880859375
1689.2581787109375
2001.7642822265625
1839.781494140625
1563.581787109375
1224.1812744140625
1161.916015625
1764.1290283203125
1292.519775390625
1636.9664306640625
1384.857177734375
687.5224609375
1213.7476806640625
1339.3226318359375
1090.5009765625
1809.4144287109375
1315.4849853515625
2071.03564453125
484.2331848144531
1808.927001953125
1536.1668701171875
1849.2181396484375
1699.6297607421875
392.92413330078125
864.4222412109375
1762.2303466796875
617.477294921875
1029.2864990234375
1364.2987060546875
1478.4412841796875
1749.2060546875
1384.7569580078125
1809.7445068359375
1294.9464111328125
1756.8675537109375
884.6347045898438
1540.7933349609375
1500.0946044921875
1178.7740478515625
1472.3768310546875
1584.2288818359375
1633.2408447265625
488.40386962890625
1240.9932861328125
822.4088745117188
1361.5809326171875
1566.8294677734375
1071.2379150390625
1166.5823974609375
947.9852294921875
1142.0672607421875
1084.1380615234375
1640.15087890625
2008.0562744140625
1959.5550537109375
1969.6595458984375
1428.0162353515625
1977.3961181640625
1821.5125732421875
994.8944702148438
1265.271484375
775.385986328125
1134.7886962890625
1591.9102783203125
1206.3223876953125
1862.9141845703125
1890.2652587890625
1588.404541015625
869.114501953125
1601.6007080078125
1189.4581298828125
1609.6126708984375
1769.2982177734375
2049.03759765625
1247.717041015625
1866.8096923828125
772.10205078125
1617.214111328125
1247.1468505859375
1064.6907958984375
1701.3240966796875
1399.2825927734375
1669.617431640625
1806.3917236328125
938.2392578125
1218.636474609375
1571.538330078125
758.5567626953125
1615.51953125
1400.6099853515625
901.2106323242188
1878.9686279296875
1493.1846923828125
2235.387451171875
1222.9283447265625
539.3128051757812
1197.271728515625
1524.1602783203125
1885.8271484375
1823.2698974609375
1766.5390625
1466.7779541015625
1423.30615234375
1628.3609619140625
1643.4278564453125
1381.5130615234375
1516.8009033203125
1941.0845947265625
1418.7181396484375
1625.3895263671875
1407.992431640625
1661.3690185546875
1868.359130859375
1835.7674560546875
1910.8316650390625
1259.2596435546875
1059.565673828125
1216.9371337890625
1465.6785888671875
1581.1080322265625
1017.586669921875
1925.7874755859375
1555.6031494140625
859.8070068359375
1524.33154296875
2057.15283203125
1485.52734375
1149.9378662109375
1108.0101318359375
1492.5184326171875
1233.8514404296875
876.7057495117188
1365.77978515625
888.4156494140625
1433.5767822265625
1309.8477783203125
1232.8348388671875
1689.1591796875
986.4495849609375
1326.596435546875
1267.6375732421875
1131.7203369140625
1518.9835205078125
1730.8470458984375
790.5438232421875
1733.166015625
1301.7689208984375
457.8444519042969
1351.9930419921875
939.9841918945312
1475.0118408203125
1087.652587890625
1685.47509765625
1267.7447509765625
1422.4381103515625
1213.68115234375
1764.1341552734375
1181.3817138671875
1600.8009033203125
1182.2447509765625
1672.3372802734375
1970.8245849609375
2137.803955078125
1614.063232421875
1308.302490234375
603.2543334960938
1805.7498779296875
1639.01953125
1544.5096435546875
1347.930908203125
1625.9305419921875
2007.105224609375
1564.0836181640625
1493.9266357421875
1479.5352783203125
1066.7030029296875
2084.6611328125
1850.5498046875
1895.519775390625
1188.6727294921875
1366.6026611328125
1589.1314697265625
1683.9813232421875
1529.028564453125
747.5953369140625
1852.0069580078125
1445.1864013671875
1908.615234375
1440.1351318359375
962.7843017578125
1875.3992919921875
1745.0601806640625
1434.3131103515625
1998.8541259765625
1535.5833740234375
1625.5093994140625
777.2332763671875
1493.103271484375
2275.078125
1444.2850341796875
1585.9002685546875
1924.473388671875
1710.33251953125
1520.8419189453125
1905.478271484375
1517.6383056640625
1596.923095703125
1550.5074462890625
1411.1138916015625
1588.9674072265625
2134.806396484375
939.3064575195312
758.3251342773438
1863.0887451171875
1505.6688232421875
1246.5299072265625
400.9881896972656
1330.1744384765625
795.9630126953125
935.4166259765625
1908.4337158203125
935.310546875
1588.8455810546875
1757.81689453125
1783.9813232421875
1422.4671630859375
1939.3233642578125
1452.42822265625
1095.3831787109375
1515.5399169921875
1877.3419189453125
1552.3807373046875
1683.1754150390625
1579.9422607421875
1404.8875732421875
894.6005249023438
1587.1771240234375
1493.686767578125
1270.9029541015625
1521.0635986328125
1688.2789306640625
1590.5352783203125
1209.9896240234375
1712.9527587890625
1547.6397705078125
1619.4300537109375
1806.2415771484375
1126.5623779296875
1981.7413330078125
1491.611328125
1816.9088134765625
1048.3900146484375
2093.2041015625
1713.1866455078125
1985.9891357421875
1378.2222900390625
1113.7830810546875
1971.8470458984375
1815.044921875
1528.862548828125
985.3382568359375
1349.5985107421875
1860.8028564453125
1557.0631103515625
1653.122802734375
1496.0286865234375
383.43701171875
1622.42041015625
1094.0263671875
1426.9803466796875
1323.2808837890625
2295.1728515625
1296.4920654296875
1410.6842041015625
1716.1392822265625
1047.3726806640625
680.9918823242188
1323.042236328125
1439.879150390625
1310.8765869140625
1562.193603515625
1019.99462890625
1073.728515625
1551.2838134765625
1512.2689208984375
1507.5748291015625
1428.7698974609375
1899.4613037109375
1633.8397216796875
1260.19482421875
962.9109497070312
1558.0648193359375
1782.4512939453125
1661.2415771484375
1408.4063720703125
1505.6600341796875
761.2435302734375
1548.8863525390625
1097.7503662109375
761.8807373046875
1391.926025390625
1709.3843994140625
1641.518798828125
1838.547119140625
1333.788330078125
1758.9635009765625
956.6575927734375
1656.7916259765625
1913.6209716796875
1096.4188232421875
1998.8765869140625
1254.9832763671875
1953.349609375
717.3733520507812
584.7108764648438
1509.260986328125
1083.9459228515625
1827.17724609375
1246.1309814453125
1863.482666015625
1627.467529296875
1433.0869140625
1657.2958984375
1199.7674560546875
914.753173828125
1822.8973388671875
1784.2574462890625
576.0927124023438
1177.4656982421875
895.52490234375
1104.5999755859375
948.9791259765625
1484.637451171875
1543.686767578125
1536.2200927734375
2050.34521484375
628.5694580078125
844.1669921875
515.0455322265625
1401.1707763671875
1139.4739990234375
1630.5146484375
1076.9561767578125
2272.25146484375
1614.788818359375
243.73423767089844
1492.7774658203125
1357.1475830078125
645.4405517578125
1176.259765625
1512.4161376953125
903.5543823242188
1800.2952880859375
1802.0960693359375
1825.557373046875
850.79833984375
372.2275085449219
1501.1802978515625
1123.405029296875
1636.5836181640625
1569.50146484375
1194.8114013671875
1644.4591064453125
432.4125671386719
641.7786254882812
1740.97265625
1658.5445556640625
807.2149658203125
970.4992065429688
1192.4261474609375
1507.6739501953125
1460.78857421875
1437.7259521484375
1747.0374755859375
423.8596496582031
1330.4793701171875
918.8121337890625
1508.2529296875
1686.7877197265625
1803.2742919921875
1684.4993896484375
1586.9107666015625
1844.3922119140625
1466.0750732421875
1993.36572265625
1268.3394775390625
1599.6690673828125
940.6776123046875
1472.2503662109375
1404.0364990234375
827.1475830078125
1661.9512939453125
1649.8868408203125
1603.6060791015625
1776.7393798828125
1484.7364501953125
1698.30078125
1457.283447265625
1264.2991943359375
1380.2720947265625
1220.77001953125
911.7542114257812
1765.8765869140625
1695.284912109375
1486.0692138671875
1422.6490478515625
2099.615234375
1850.00390625
1784.1121826171875
446.4526672363281
1214.2088623046875
1306.4549560546875
2083.08642578125
1527.9605712890625
1059.884765625
1473.1927490234375
954.8373413085938
1875.0546875
1721.969482421875
2199.897216796875
1667.3638916015625
1498.1513671875
1018.6578979492188
2015.8472900390625
1697.2413330078125
515.9011840820312
1362.76318359375
901.1465454101562
1319.5914306640625
1639.994384765625
1496.7557373046875
1460.734619140625
1617.91943359375
1499.6077880859375
2020.0030517578125
1269.7646484375
1155.3966064453125
1440.7247314453125
1653.7518310546875
830.02587890625
1490.802978515625
1589.0582275390625
1118.4429931640625
626.474365234375
865.78173828125
1374.72802734375
1143.5294189453125
1650.3045654296875
1040.731201171875
1704.3909912109375
1743.335693359375
677.3883056640625
1612.4705810546875
1491.305908203125
1350.8927001953125
1348.4505615234375
1368.8502197265625
1793.0435791015625
1583.5933837890625
1929.7769775390625
2138.425537109375
1958.5069580078125
1702.724853515625
1407.3956298828125
1151.7205810546875
1546.4510498046875
1513.5516357421875
1699.0557861328125
1767.7825927734375
607.0025024414062
1888.0894775390625
1909.7845458984375
1893.6026611328125
1632.526123046875
1296.0185546875
1353.0887451171875
1168.3839111328125
1175.25927734375
1792.2781982421875
690.880615234375
305.5528869628906
989.9412841796875
581.514892578125
1291.722412109375
1027.4659423828125
934.9832153320312
703.3504638671875
961.7071533203125
1646.5150146484375
1454.3555908203125
567.6402587890625
1265.2374267578125
1908.5545654296875
898.5274658203125
1887.5201416015625
1903.9974365234375
1512.8157958984375
1624.0960693359375
394.81207275390625
1460.8060302734375
1498.4351806640625
926.385498046875
1289.7938232421875
1424.127197265625
1169.4820556640625
2011.0521240234375
1273.358154296875
1507.3204345703125
754.6619262695312
2248.03125
1258.2322998046875
2079.60986328125
1302.46337890625
1442.847412109375
1288.8104248046875
1647.9571533203125
705.2782592773438
1404.8656005859375
410.6230163574219
1280.8778076171875
1758.5286865234375
1876.25341796875
481.8218078613281
1778.4979248046875
712.5107421875
1048.22802734375
998.7560424804688
1262.8221435546875
1712.0350341796875
1459.0848388671875
1562.6029052734375
1623.825439453125
910.6641845703125
605.9053955078125
1223.4761962890625
1937.4345703125
1832.4578857421875
1123.8372802734375
2108.569091796875
1980.9317626953125
1631.419677734375
977.67333984375
1560.0670166015625
1547.63427734375
803.932861328125
1623.0643310546875
1107.4837646484375
1768.2630615234375
1419.4183349609375
1492.3157958984375
1724.693115234375
1511.01806640625
1467.9412841796875
1711.3507080078125
1837.9573974609375
1660.8966064453125
1490.2589111328125
1285.2950439453125
1587.9678955078125
1807.49365234375
1087.2003173828125
1685.0697021484375
1157.478759765625
915.6627197265625
1807.8812255859375
1568.9443359375
1945.3311767578125
1084.128173828125
1276.5709228515625
1190.6463623046875
1124.525146484375
1830.055419921875
1262.752685546875
2034.881591796875
603.6278076171875
1379.9320068359375
1529.0396728515625
1330.8870849609375
1548.606689453125
1826.2698974609375
1940.115478515625
1572.866943359375
1239.6207275390625
1334.2003173828125
1727.7528076171875
2090.4794921875
496.1841125488281
1999.6014404296875
871.84033203125
1014.3739013671875
1759.6334228515625
1088.2650146484375
1547.654541015625
628.8496704101562
1884.3565673828125
1597.9195556640625
2026.8023681640625
2055.82763671875
1198.6514892578125
1600.019287109375
1600.87646484375
2050.79345703125
1667.8685302734375
1487.7825927734375
932.0225830078125
927.2106323242188
1591.9932861328125
801.3377685546875
1710.4622802734375
1401.7672119140625
1353.3668212890625
2275.984375
1601.1373291015625
1576.9808349609375
1560.9801025390625
1176.7386474609375
1761.0572509765625
1686.8834228515625
2003.8994140625
601.965576171875
1114.3612060546875
1016.6527709960938
1585.5123291015625
1858.1302490234375
1706.0771484375
1615.811279296875
1901.5833740234375
1642.3333740234375
1512.7110595703125
1623.6455078125
1748.3153076171875
1591.2635498046875
1978.8502197265625
1083.7503662109375
1342.6187744140625
942.29638671875
1688.8873291015625
1738.4014892578125
1742.529052734375
657.5765380859375
1395.8544921875
894.1990966796875
1280.13671875
1354.0167236328125
1254.9130859375
502.0198059082031
1466.9036865234375
1377.1551513671875
1657.1004638671875
1201.3502197265625
776.076904296875
1142.6302490234375
1649.4964599609375
626.2261962890625
653.0986938476562
1634.1331787109375
1740.5877685546875
1327.9801025390625
1908.2166748046875
1577.72314453125
1754.9522705078125
1615.4649658203125
1613.5208740234375
1636.3074951171875
1428.7625732421875
1835.6478271484375
1576.8905029296875
1296.3956298828125
756.69287109375
1183.4801025390625
1112.5230712890625
1552.6273193359375
585.0225830078125
1572.3841552734375
1967.2457275390625
1791.5650634765625
1341.7091064453125
1534.8914794921875
996.68359375
1723.9954833984375
2262.25537109375
1492.19091796875
1218.348388671875
1821.8638916015625
1168.9639892578125
1347.229248046875
1500.8031005859375
1626.2528076171875
995.652587890625
1162.5977783203125
1894.2269287109375
1849.4229736328125
1939.380615234375
1465.1678466796875
1644.726318359375
1720.4571533203125
1669.9478759765625
2022.8365478515625
1814.0318603515625
1690.38232421875
1728.1807861328125
1417.24658203125
1853.3897705078125
1369.1583251953125
1614.4224853515625
1332.6427001953125
1519.350830078125
1427.0009765625
1539.6395263671875
954.5367431640625
680.4266967773438
1691.275146484375
1643.0535888671875
1275.8646240234375
1096.2730712890625
1093.9556884765625
1578.6328125
1301.4527587890625
585.9462890625
773.15869140625
1600.6761474609375
1696.735107421875
1557.9986572265625
1492.557373046875
1954.3651123046875
1897.6468505859375
2056.15869140625
1241.2691650390625
1609.24462890625
1024.9161376953125
1300.5279541015625
998.8109741210938
1838.809814453125
658.8265991210938
1752.4676513671875
1156.1702880859375
1846.319091796875
1833.4732666015625
1442.8870849609375
1634.1226806640625
1010.5988159179688
1591.3719482421875
1727.040771484375
539.2945556640625
1386.4254150390625
1285.1484375
1498.42529296875
1493.912353515625
1578.0789794921875
783.8492431640625
1384.236328125
1590.4368896484375
235.0037384033203
797.126708984375
2015.4129638671875
1557.8087158203125
908.368896484375
1173.2545166015625
1761.659423828125
634.99755859375
760.9854125976562
1898.77392578125
1736.0009765625
1779.3670654296875
1878.668701171875
1893.1859130859375
1336.316162109375
1543.4229736328125
1322.9349365234375
1779.4888916015625
1695.006591796875
1673.6219482421875
1584.177001953125
2077.287841796875
613.9971313476562
1819.4918212890625
1289.95458984375
1541.9688720703125
1603.4593505859375
858.9597778320312
1254.724609375
1536.2479248046875
1507.23046875
867.8214721679688
1489.2178955078125
1906.2926025390625
1561.8089599609375
962.0485229492188
1492.0460205078125
1379.62841796875
1590.2401123046875
1869.8707275390625
1802.8472900390625
600.4677124023438
269.9646301269531
850.601318359375
1594.7589111328125
1779.4608154296875
1833.5980224609375
1650.2337646484375
1567.4833984375
1828.1982421875
1742.739990234375
1837.3187255859375
610.00634765625
1822.88671875
1896.2786865234375
1588.8907470703125
1750.7127685546875
2033.8226318359375
1415.5662841796875
1950.7374267578125
1472.5714111328125
1214.6690673828125
1436.0704345703125
939.0470581054688
1602.0162353515625
1579.6160888671875
1793.502197265625
1192.0194091796875
1521.7208251953125
275.1177673339844
1908.3641357421875
1496.9713134765625
1439.3236083984375
564.122314453125
914.08154296875
1874.1964111328125
1609.7430419921875
1744.1842041015625
1090.8817138671875
1870.0250244140625
1400.0582275390625
835.576904296875
1899.324462890625
1293.6304931640625
966.0625610351562
761.2887573242188
1251.4461669921875
1894.0450439453125
2083.118408203125
1408.1441650390625
685.7734375
1357.714599609375
1097.6307373046875
1033.7132568359375
1727.5267333984375
1232.267333984375
1418.5531005859375
1357.9954833984375
1555.2530517578125
1448.9818115234375
1881.0474853515625
867.6107177734375
1428.876953125
1921.3834228515625
1669.30810546875
425.6011047363281
1899.2559814453125
1448.199951171875
2172.80615234375
1823.23681640625
894.8016967773438
1174.902587890625
630.724365234375
1725.50244140625
1713.9803466796875
781.1466064453125
1094.0472412109375
1779.079345703125
595.656005859375
1125.388427734375
903.6842041015625
1663.0980224609375
1591.0728759765625
2224.118896484375
953.1321411132812
1312.4085693359375
1264.6971435546875
1575.52392578125
1973.503662109375
676.1756591796875
1880.6207275390625
1386.8841552734375
1500.790283203125
690.7784423828125
1645.7672119140625
1592.79541015625
1888.1854248046875
1793.6524658203125
689.164794921875
1610.65380859375
1207.7362060546875
1916.3851318359375
1423.5765380859375
1623.341796875
1660.0419921875
702.3355712890625
1180.9119873046875
1045.6510009765625
978.6000366210938
1445.1734619140625
1482.62646484375
1690.259765625
1440.3848876953125
1376.1995849609375
1522.1085205078125
1314.6107177734375
1423.301513671875
1471.7449951171875
2088.181884765625
1149.7872314453125
1891.04296875
1604.962646484375
1706.2386474609375
1488.5745849609375
1208.5894775390625
1412.8558349609375
1981.5684814453125
1672.55908203125
944.8983154296875
1594.959228515625
1514.9981689453125
2092.9033203125
1682.387451171875
1795.5426025390625
1780.2952880859375
1345.5885009765625
1536.54150390625
1679.4210205078125
1782.46240234375
1142.5816650390625
1575.97265625
879.427001953125
1754.3714599609375
1865.8123779296875
482.00531005859375
1630.6036376953125
1977.3109130859375
1873.0885009765625
1489.2940673828125
1387.9871826171875
806.4493408203125
1187.1893310546875
1833.9942626953125
1248.2947998046875
1773.9241943359375
1214.0347900390625
746.0250854492188
1496.5826416015625
1609.1002197265625
1453.3546142578125
1887.554443359375
1318.3157958984375
394.8041687011719
930.0187377929688
1770.4384765625
2039.5513916015625
1853.5491943359375
1663.1431884765625
2006.3731689453125
1362.7005615234375
1548.8585205078125
1670.5152587890625
1586.48291015625
1426.6038818359375
1592.5172119140625
1488.2705078125
1642.9302978515625
1123.7659912109375
1609.2259521484375
1546.3890380859375
1154.6492919921875
914.286376953125
725.2927856445312
1815.380126953125
1288.026611328125
1588.9285888671875
846.4029541015625
1132.7379150390625
1523.5902099609375
1637.067626953125
1079.1561279296875
1363.5009765625
1766.142822265625
785.490234375
1905.4229736328125
1037.0770263671875
813.7271728515625
1750.2340087890625
1122.969482421875
1627.1583251953125
1963.8724365234375
1123.9979248046875
1806.3798828125
2011.9066162109375
1830.1112060546875
747.50732421875
404.0846862792969
950.4773559570312
1523.4981689453125
1819.9906005859375
595.5938720703125
1856.3123779296875
1881.4205322265625
1282.281005859375
1630.0919189453125
912.323974609375
725.591064453125
1749.0357666015625
834.2437744140625
194.8429718017578
1282.7159423828125
1804.33349609375
1688.19580078125
1665.9674072265625
1976.979736328125
1773.6690673828125
2046.5408935546875
1663.2733154296875
1352.6143798828125
1369.5545654296875
1681.688232421875
926.2314453125
1436.3182373046875
1507.67236328125
1810.980712890625
1235.6336669921875
1682.3553466796875
1215.9564208984375
1640.402099609375
1582.427734375
1452.2261962890625
1431.8834228515625
1211.7310791015625
1857.91748046875
1064.9654541015625
1808.6268310546875
2116.959716796875
758.8981323242188
1932.3494873046875
189.05068969726562
1904.8289794921875
1352.53515625
1710.3414306640625
1767.7137451171875
1036.8563232421875
1878.54443359375
1955.3101806640625
1617.7066650390625
1669.37841796875
614.7420654296875
1595.3001708984375
1746.6134033203125
1569.8724365234375
1403.87158203125
1795.074951171875
1074.770751953125
1931.9898681640625
1610.2205810546875
1343.9447021484375
273.6161804199219
1970.927490234375
387.7668762207031
277.0920104980469
1285.84619140625
910.840576171875
1777.566650390625
1833.1104736328125
1538.9437255859375
1834.6756591796875
1660.4493408203125
1534.9046630859375
1622.9512939453125
1188.1798095703125
888.8519897460938
1858.4716796875
1246.5555419921875
1573.905517578125
1287.6251220703125
1500.51904296875
1623.9114990234375
1642.9215087890625
1531.3731689453125
699.9620361328125
1471.4542236328125
1464.1534423828125
1883.0635986328125
1014.2348022460938
690.8056640625
1215.0360107421875
1171.4615478515625
1340.1685791015625
990.677001953125
1610.4599609375
1529.1912841796875
1775.9918212890625
856.5881958007812
1881.4383544921875
859.45458984375
1992.1981201171875
1975.5294189453125
1554.3792724609375
1270.3653564453125
1508.9969482421875
917.0634765625
2014.93798828125
1354.89453125
935.2882080078125
1641.1470947265625
1043.298828125
923.4312133789062
549.8045654296875
952.775146484375
547.0524291992188
1932.4259033203125
1981.058349609375
1610.5565185546875
1355.62548828125
1242.710205078125
497.6007080078125
1621.4642333984375
1855.1607666015625
1162.3897705078125
415.6285095214844
1619.2720947265625
1601.1558837890625
534.8692016601562
1442.4150390625
752.490478515625
1009.6509399414062
1276.5167236328125
2050.56787109375
991.7144775390625
403.0550537109375
1313.673095703125
1927.8519287109375
1550.712890625
1942.656005859375
2016.8155517578125
1231.8773193359375
1648.9752197265625
2016.603759765625
1329.3157958984375
900.1400146484375
1076.53857421875
1659.5911865234375
1374.2529296875
1605.913330078125
974.6541748046875
1630.5771484375
2135.94677734375
1606.5970458984375
1161.5985107421875
1943.2314453125
2028.7742919921875
1387.3414306640625
1731.522705078125
1561.140869140625
1053.6260986328125
1895.020263671875
1373.498291015625
1269.3248291015625
1477.6773681640625
1793.4305419921875
1488.0318603515625
518.3333740234375
1487.818603515625
857.3577270507812
1052.1201171875
227.09564208984375
1660.14111328125
1892.2164306640625
1773.4149169921875
1241.2442626953125
1262.0970458984375
1695.9508056640625
1926.846923828125
1619.9954833984375
1207.20458984375
1476.140869140625
619.54736328125
1820.84716796875
1732.8546142578125
1120.8294677734375
1837.7279052734375
1248.8731689453125
1743.2130126953125
1944.2979736328125
1578.8162841796875
736.96875
1001.204833984375
1639.7362060546875
1881.3902587890625
1578.99462890625
1189.34619140625
1542.5985107421875
1333.2642822265625
1196.44140625
1864.4063720703125
1568.14453125
1842.9256591796875
1566.5631103515625
1005.475830078125
1938.008544921875
1462.6783447265625
1686.722900390625
1053.4835205078125
1572.1329345703125
1047.0792236328125
961.474853515625
1504.6802978515625
1623.3966064453125
1583.5765380859375
1539.9556884765625
1941.9129638671875
1266.8050537109375
804.912109375
950.2249755859375
1786.8326416015625
1710.6427001953125
1657.0523681640625
1433.0008544921875
1359.6138916015625
1383.4373779296875
711.825439453125
1987.1241455078125
1194.5367431640625
1998.7962646484375
1036.26611328125
1617.2022705078125
604.2607421875
1408.2161865234375
1137.954345703125
1042.6865234375
406.64013671875
1711.6417236328125
1687.8203125
640.8829345703125
1226.386474609375
2087.6943359375
1895.7816162109375
1163.789794921875
1864.241943359375
1538.6483154296875
1628.7928466796875
1625.1549072265625
1557.9638671875
2173.24462890625
999.6524047851562
698.1624145507812
1994.9449462890625
1589.724609375
1512.0196533203125
1995.6339111328125
2377.534423828125
1593.9287109375
1645.9610595703125
1636.6712646484375
1447.3856201171875
1282.0440673828125
1317.2232666015625
1334.18359375
1626.3870849609375
1486.6837158203125
2015.652099609375
1607.2412109375
1594.548828125
1626.6434326171875
1653.0189208984375
1290.3525390625
1859.2137451171875
1043.4254150390625
1447.3582763671875
1418.1434326171875
1619.5684814453125
2097.95458984375
587.14208984375
1089.0845947265625
1436.5633544921875
2017.2906494140625
1780.7318115234375
1191.4232177734375
1928.7491455078125
1672.817138671875
1668.1094970703125
1874.8756103515625
939.8404541015625
925.3038330078125
1745.976318359375
327.5726013183594
1896.9334716796875
2001.8563232421875
1922.0718994140625
1765.016357421875
1443.57373046875
1592.7547607421875
1511.4407958984375
1827.9056396484375
333.9665832519531
1595.1485595703125
1236.2611083984375
1228.8382568359375
1936.0877685546875
1446.7464599609375
1286.1876220703125
1469.1004638671875
1631.4080810546875
1722.8873291015625
1481.7010498046875
1557.8096923828125
1450.1072998046875
1878.259521484375
910.2852172851562
1397.237548828125
1164.5841064453125
1166.3592529296875
711.6490478515625
729.684326171875
963.9398193359375
1619.2486572265625
623.3179931640625
1577.73583984375
837.1624755859375
1511.6781005859375
1914.199951171875
1855.5653076171875
1627.5037841796875
1942.167724609375
1508.4002685546875
1365.1129150390625
1630.3302001953125
1963.3031005859375
1193.55908203125
547.2996215820312
1182.6282958984375
1870.2901611328125
1655.923583984375
1947.9832763671875
1933.752197265625
667.0966796875
443.1650085449219
1755.250244140625
1120.6080322265625
1838.7384033203125
971.9923095703125
1853.2188720703125
1265.2796630859375
1570.29052734375
1259.2156982421875
1298.906494140625
1358.3909912109375
1423.1329345703125
1932.7412109375
1150.0823974609375
2136.8193359375
1522.7503662109375
1477.4913330078125
1648.4954833984375
1668.900634765625
2031.196533203125
1715.492919921875
1582.0819091796875
1316.3695068359375
2146.413330078125
1136.7889404296875
795.2423095703125
1590.89013671875
1301.8846435546875
1622.9503173828125
893.8888549804688
1276.8223876953125
1333.0242919921875
1697.2811279296875
1581.6600341796875
2025.433349609375
1261.5247802734375
1422.2156982421875
1596.7562255859375
511.46844482421875
1763.6964111328125
1566.849365234375
1900.334228515625
1920.0032958984375
516.77734375
622.3228149414062
1687.1170654296875
1868.7420654296875
1203.2542724609375
1913.4290771484375
871.1954956054688
1252.4967041015625
1378.038818359375
761.8645629882812
2179.07177734375
1457.5609130859375
1227.0250244140625
1883.4896240234375
1928.5010986328125
1388.8909912109375
1033.59619140625
872.4093017578125
1524.5279541015625
1594.1595458984375
1850.936767578125
1616.7166748046875
1783.4090576171875
1565.6070556640625
1233.45458984375
1939.7501220703125
1672.7115478515625
1480.2032470703125
1933.86181640625
308.4574279785156
1729.5303955078125
1355.5516357421875
1708.6229248046875
625.7384643554688
730.13330078125
1910.28076171875
1858.3321533203125
1351.196533203125
1033.6002197265625
1544.6971435546875
1924.2816162109375
1701.8248291015625
1384.1199951171875
1683.9459228515625
1636.350341796875
1223.4822998046875
1687.095703125
1688.485107421875
1544.6488037109375
1174.559326171875
1308.203857421875
949.259521484375
1813.7225341796875
2049.772705078125
1612.2113037109375
1964.8536376953125
2256.04638671875
1881.7508544921875
1566.1746826171875
1593.644775390625
721.2803344726562
826.50439453125
1384.7427978515625
874.7575073242188
1563.3331298828125
1475.6212158203125
1998.674560546875
1066.8619384765625
1864.177490234375
1671.1285400390625
1631.2786865234375
1734.1051025390625
1552.6280517578125
1865.11962890625
545.3031005859375
950.1319580078125
730.19921875
1392.9595947265625
794.0155029296875
1921.66650390625
1687.4239501953125
2159.28369140625
1624.0634765625
1300.1968994140625
1112.9443359375
459.0897521972656
918.885009765625
1709.4964599609375
1519.2889404296875
1673.2762451171875
1003.17724609375
878.7201538085938
1348.0201416015625
1323.7833251953125
1604.7904052734375
968.8023681640625
917.0260009765625
1560.100830078125
1599.4073486328125
1957.1961669921875
892.7503051757812
1290.5469970703125
543.451904296875
799.032958984375
1790.94287109375
1431.55859375
1817.2679443359375
1513.6845703125
1636.7501220703125
1565.5181884765625
1862.0843505859375
1881.9051513671875
1140.5887451171875
1898.4276123046875
1500.9090576171875
1600.3182373046875
969.7611083984375
1486.8438720703125
1700.6561279296875
345.7580261230469
1862.79931640625
1935.2027587890625
1128.5164794921875
1516.2679443359375
1012.6619873046875
1725.7784423828125
1188.0592041015625
1468.4552001953125
1506.3824462890625
1539.0194091796875
702.7308959960938
1688.9190673828125
1628.8902587890625
1663.4862060546875
1010.9164428710938
1086.0316162109375
1963.9520263671875
743.2600708007812
1816.6871337890625
1960.2421875
871.1248779296875
1423.74658203125
2082.693115234375
1501.0557861328125
826.75439453125
1723.4669189453125
1215.9498291015625
1223.1182861328125
1314.4588623046875
1831.688720703125
1025.623779296875
1351.5780029296875
2034.224853515625
1543.5228271484375
1194.2159423828125
1684.9603271484375
1734.1861572265625
1354.8118896484375
1016.8832397460938
1599.9549560546875
1169.5531005859375
782.8604736328125
1259.246826171875
1476.3084716796875
373.0959777832031
1613.9324951171875
443.51629638671875
1602.73876953125
1262.818115234375
1722.0667724609375
1683.1676025390625
1766.9459228515625
1527.52294921875
1598.2410888671875
407.8602600097656
925.2056274414062
1521.9063720703125
1949.7904052734375
1214.6337890625
1689.3096923828125
1860.9656982421875
1611.8997802734375
1453.9779052734375
1517.6942138671875
1174.9964599609375
1568.5301513671875
419.5240783691406
2336.38232421875
1440.3359375
956.4804077148438
809.735107421875
714.7520751953125
1877.4676513671875
1425.5771484375
1432.0362548828125
1948.3709716796875
1894.0804443359375
1356.511962890625
1638.9722900390625
1592.6097412109375
1124.8294677734375
1922.8050537109375
1654.3748779296875
1611.1448974609375
1664.3775634765625
1610.542724609375
2046.206298828125
1446.181640625
1777.8546142578125
1014.9049682617188
988.4214477539062
1719.9544677734375
1871.5904541015625
1418.5284423828125
1019.765869140625
2135.4150390625
1463.7296142578125
1836.0352783203125
1597.4254150390625
1612.6265869140625
1510.349609375
1179.020263671875
1543.7720947265625
1399.1658935546875
1969.650146484375
1239.0882568359375
1701.5413818359375
1715.2208251953125
1694.9222412109375
2283.3623046875
1266.380859375
1461.0560302734375
1589.990234375
1545.0006103515625
1455.4195556640625
928.0040283203125
1148.0692138671875
1672.3916015625
1543.06787109375
1837.31787109375
1660.941162109375
1311.6177978515625
967.7825927734375
1185.1773681640625
1072.4371337890625
1982.4583740234375
1558.5030517578125
1300.57373046875
1846.8240966796875
1419.3048095703125
1713.4130859375
2017.5966796875
1869.9334716796875
1626.287353515625
1669.8153076171875
1616.689453125
1222.5142822265625
545.0309448242188
1597.5703125
2032.818115234375
1866.1785888671875
1854.8609619140625
2351.96923828125
1690.936279296875
1879.2540283203125
1365.66162109375
1121.2584228515625
1321.1248779296875
1776.2806396484375
1637.6290283203125
1617.0289306640625
1164.4801025390625
1686.164794921875
1641.323974609375
928.1390380859375
1854.388916015625
1468.7947998046875
1978.330078125
2187.598876953125
1328.4473876953125
908.1767578125
1620.7706298828125
1845.69921875
1772.2940673828125
1722.103515625
1120.8216552734375
2027.190673828125
1861.8370361328125
1943.1539306640625
1270.952880859375
1610.3394775390625
1974.6451416015625
385.4387512207031
633.91015625
1422.4952392578125
912.0526123046875
1432.8802490234375
1240.6552734375
1796.4722900390625
1053.3553466796875
1259.5914306640625
1213.2254638671875
1265.34130859375
1753.8370361328125
1651.2598876953125
1427.18896484375
1183.9468994140625
1721.3221435546875
1580.081787109375
1514.630615234375
1024.7159423828125
1990.8104248046875
1570.1630859375
1517.6817626953125
1392.0589599609375
1523.6270751953125
1720.001953125
1377.1055908203125
1158.551025390625
384.67376708984375
967.6968383789062
1610.8292236328125
898.9740600585938
1517.6627197265625
1576.4273681640625
1629.77685546875
2097.70703125
1957.469970703125
1812.496337890625
1637.4969482421875
1708.4239501953125
1524.6864013671875
1904.982177734375
1505.0340576171875
1541.004150390625
1864.476318359375
1943.768310546875
1493.9774169921875
1780.7615966796875
1627.1285400390625
1605.831298828125
1791.9466552734375
1047.8612060546875
1239.2025146484375
2174.8896484375
2145.15234375
1511.1978759765625
963.910400390625
1712.0496826171875
2058.144775390625
1600.664794921875
1673.986572265625
1633.2669677734375
2024.819580078125
1006.99365234375
1680.206298828125
738.979736328125
1314.479736328125
1611.9676513671875
734.4600219726562
1498.3846435546875
1626.1754150390625
1967.5445556640625
1789.2904052734375
1618.6068115234375
1366.3529052734375
1102.364501953125
1377.678955078125
1925.3763427734375
1821.8463134765625
1570.74853515625
1776.058349609375
1333.7415771484375
950.0369262695312
1664.1126708984375
1253.6434326171875
1616.45751953125
1243.2816162109375
1487.1348876953125
1864.4661865234375
2036.8927001953125
2104.0234375
1487.593017578125
943.8880004882812
1907.4307861328125
1217.8748779296875
1625.1444091796875
1392.131591796875
1629.6658935546875
1240.7606201171875
1021.040771484375
1214.8785400390625
1685.1268310546875
1491.563232421875
1614.179931640625
1043.5794677734375
1697.376708984375
1667.9761962890625
1901.0814208984375
2045.2640380859375
1817.1668701171875
379.2908935546875
1438.650390625
1119.4234619140625
1379.2120361328125
2265.43603515625
851.9219970703125
1657.754638671875
1924.167236328125
1190.1185302734375
1366.435302734375
1834.3209228515625
1864.5316162109375
1579.7230224609375
1694.0865478515625
643.2252197265625
815.2660522460938
1260.5318603515625
1588.1947021484375
1543.8016357421875
1598.923583984375
1567.8441162109375
1585.7855224609375
1529.9111328125
1603.1876220703125
871.9310913085938
1614.9681396484375
1860.8182373046875
1937.5657958984375
1930.8450927734375
1804.8023681640625
1600.921875
910.32275390625
1012.98193359375
1740.723876953125
951.7077026367188
1506.9937744140625
1505.947998046875
1633.443603515625
937.4036865234375
1771.5555419921875
2061.06884765625
997.670166015625
1775.400146484375
914.1776733398438
989.9481811523438
1747.052490234375
1350.2896728515625
1785.4364013671875
1825.4501953125
1623.8302001953125
996.8341064453125
1533.96484375
996.2877197265625
1404.4847412109375
1610.2408447265625
1152.057861328125
1690.2908935546875
1543.287841796875
971.2574462890625
884.6621704101562
1544.320068359375
1025.687255859375
1915.291015625
1309.7679443359375
1313.1558837890625
1768.8179931640625
1409.2301025390625
880.6927490234375
1236.3663330078125
1603.9127197265625
939.4767456054688
640.6201171875
652.5537109375
420.5134582519531
1349.7747802734375
1799.2579345703125
726.6368408203125
1625.812744140625
1610.8126220703125
1653.2799072265625
1604.451904296875
1890.5499267578125
1940.1165771484375
907.0402221679688
1463.0028076171875
2199.440185546875
1589.9071044921875
1740.59375
1314.700439453125
1342.0498046875
1686.6839599609375
1278.0262451171875
1319.652099609375
993.6476440429688
1648.0843505859375
1739.8341064453125
1523.3358154296875
1263.435791015625
1700.4163818359375
718.5665893554688
1041.9794921875
990.9761962890625
1659.4549560546875
1116.43896484375
1400.244384765625
854.1632080078125
940.6712646484375
1461.1405029296875
1013.0892333984375
915.578125
387.5655822753906
1801.4361572265625
1015.615234375
882.0975952148438
1887.5391845703125
770.951171875
2156.860107421875
1362.0533447265625
1659.9512939453125
1888.8011474609375
1322.6856689453125
913.2325439453125
1853.6861572265625
1932.4736328125
1837.1966552734375
668.4141845703125
1018.3302001953125
1102.1807861328125
1665.931884765625
622.6119995117188
1569.6837158203125
1773.037109375
1516.5145263671875
1890.0531005859375
1167.9598388671875
1139.9051513671875
1631.0286865234375
1599.5325927734375
1975.583984375
2032.0738525390625
1556.16748046875
1699.9384765625
1688.2998046875
713.9185791015625
1630.1607666015625
997.373779296875
1761.1258544921875
973.30517578125
247.60655212402344
879.289306640625
1359.0059814453125
1757.078369140625
1878.7716064453125
962.5608520507812
1506.0570068359375
1447.102783203125
825.3274536132812
1436.233154296875
1617.3466796875
1511.2943115234375
1580.2314453125
1890.9697265625
817.2032470703125
1646.7574462890625
832.0921020507812
1875.8038330078125
1256.7261962890625
1306.1912841796875
1078.099853515625
2128.271728515625
1379.174072265625
1295.517822265625
1924.2606201171875
1576.6322021484375
1272.2625732421875
1874.712890625
1651.9874267578125
1554.2725830078125
2059.409423828125
1734.5736083984375
1262.5047607421875
1591.6385498046875
1411.845458984375
1686.54638671875
1257.8109130859375
1726.4334716796875
1160.6009521484375
1650.251953125
1665.75537109375
1823.8299560546875
1871.44287109375
2357.7822265625
2223.00244140625
727.3529663085938
1537.5633544921875
1971.327392578125
1516.9892578125
673.5397338867188
767.508544921875
1184.3843994140625
2057.933349609375
1328.6771240234375
1290.4144287109375
1789.497802734375
868.9764404296875
1658.921142578125
1609.5653076171875
1744.025146484375
543.1947021484375
988.8710327148438
1702.7236328125
1626.5272216796875
938.6366577148438
1158.6375732421875
2008.267333984375
1785.9169921875
1711.0858154296875
1877.8770751953125
1346.978759765625
585.63427734375
1898.8338623046875
1434.2222900390625
1220.880615234375
2297.6591796875
1457.638427734375
1793.764404296875
1177.52197265625
1669.1776123046875
1738.0078125
1864.7076416015625
1857.5732421875
905.7665405273438
1634.0037841796875
1360.32666015625
1748.7691650390625
1878.6634521484375
1436.73046875
1776.94775390625
1398.648193359375
1880.1995849609375
760.7232666015625
801.828857421875
1173.1990966796875
1418.591064453125
1798.9237060546875
1163.7464599609375
1948.7952880859375
1352.1444091796875
1478.6866455078125
1530.3369140625
1430.6739501953125
1463.497314453125
1246.4649658203125
1999.981689453125
1915.3900146484375
1256.8648681640625
836.3737182617188
1087.8035888671875
1504.56103515625
2133.09033203125
867.1325073242188
1831.875732421875
1396.4154052734375
2148.517578125
1414.0982666015625
1944.6429443359375
709.9900512695312
1671.6478271484375
1438.78515625
1068.6021728515625
1530.7735595703125
1228.0594482421875
982.8448486328125
1615.8031005859375
1200.2928466796875
1784.3702392578125
1536.56884765625
1526.8839111328125
1718.1361083984375
1410.2791748046875
1525.3651123046875
1299.1817626953125
2418.973876953125
1595.6710205078125
1442.743896484375
1121.48193359375
1292.7320556640625
1904.431396484375
1630.65966796875
1613.2796630859375
795.3701171875
1461.5772705078125
1830.437744140625
1632.2342529296875
1857.8455810546875
2003.48486328125
871.833984375
1538.2403564453125
1764.7740478515625
1645.3050537109375
996.6007690429688
2050.612060546875
643.93505859375
1614.3773193359375
1610.089111328125
1364.919677734375
1273.0123291015625
880.6043701171875
1219.6722412109375
1743.1253662109375
997.5232543945312
1598.148193359375
1790.367919921875
1527.3795166015625
1755.806640625
1291.4075927734375
1916.9183349609375
1636.3504638671875
1684.7396240234375
1776.845947265625
362.0487976074219
1304.5748291015625
1141.19775390625
1786.77587890625
1864.4097900390625
512.034423828125
1198.4219970703125
1395.243896484375
1786.1302490234375
1945.138427734375
1290.6783447265625
1926.5794677734375
1833.4134521484375
1034.6019287109375
1583.0980224609375
2027.6339111328125
1639.3199462890625
1590.9461669921875
1489.976806640625
1170.2684326171875
1928.74169921875
1446.78076171875
1352.7205810546875
1483.4403076171875
1873.1142578125
1408.35595703125
725.9228515625
1347.6314697265625
1888.4268798828125
927.60595703125
1476.2662353515625
1637.1065673828125
1415.5518798828125
1508.3370361328125
921.5875244140625
743.7572021484375
1748.6087646484375
1684.789794921875
1251.6165771484375
1134.297119140625
1916.0950927734375
1593.8729248046875
1904.0242919921875
621.3817749023438
1558.9476318359375
799.712646484375
1243.384033203125
1403.2379150390625
854.24169921875
893.3958740234375
1507.0062255859375
786.0659790039062
1864.408203125
1413.3961181640625
1267.2430419921875
1864.803466796875
1291.9046630859375
1483.0198974609375
1631.5950927734375
1358.479248046875
1357.9815673828125
1446.602783203125
1297.5540771484375
1595.2801513671875
961.5194091796875
765.5730590820312
965.83740234375
543.9820556640625
2086.828369140625
1779.2408447265625
1293.1270751953125
1238.8321533203125
479.3312683105469
1317.7694091796875
1396.2808837890625
1344.487548828125
1179.7586669921875
2224.7470703125
1323.0274658203125
1320.3228759765625
1595.0333251953125
1811.4124755859375
1806.410888671875
1625.2886962890625
1891.9925537109375
1376.2894287109375
1778.0462646484375
1921.429443359375
1510.7701416015625
1576.9739990234375
1539.5025634765625
817.3616333007812
1731.6240234375
1337.896240234375
1156.463134765625
1877.5477294921875
1999.907958984375
1941.576171875
1226.127685546875
1652.56591796875
917.8265991210938
903.19775390625
1944.6455078125
1263.695556640625
1793.87939453125
434.0837097167969
1380.3341064453125
1810.7425537109375
966.74462890625
1555.7630615234375
1768.05224609375
1895.2681884765625
270.1455993652344
1432.6842041015625
2037.177734375
1946.1544189453125
784.9049072265625
1329.00830078125
1597.54443359375
1902.6378173828125
1729.6146240234375
1979.20703125
1407.414306640625
1521.4471435546875
773.4521484375
1529.3565673828125
1072.8956298828125
803.1011962890625
1442.5098876953125
225.38475036621094
1938.73779296875
705.187744140625
741.0006103515625
1622.6300048828125
1292.2677001953125
2150.24072265625
1292.8314208984375
1979.3349609375
2029.9578857421875
927.6107177734375
1954.3302001953125
1614.3680419921875
2033.8580322265625
763.1103515625
689.232421875
1631.0087890625
1708.1304931640625
1569.2252197265625
671.924560546875
1723.4056396484375
2214.483642578125
1211.4947509765625
1259.968505859375
727.6328125
1776.6715087890625
1927.63427734375
1620.6343994140625
2119.874755859375
1664.787353515625
1598.3372802734375
503.1757507324219
1206.6563720703125
1747.251708984375
2062.7314453125
1691.76318359375
1851.0831298828125
808.6785888671875
1581.3115234375
1376.1046142578125
1922.632080078125
1293.0015869140625
1382.0601806640625
1664.8221435546875
1843.6318359375
765.2963256835938
1783.7823486328125
1389.0650634765625
1573.2470703125
1887.8243408203125
1397.111083984375
1287.3511962890625
1476.3997802734375
2049.37451171875
881.4925537109375
943.7423706054688
2107.96923828125
1722.7015380859375
594.7985229492188
1604.88720703125
1518.0677490234375
1594.529052734375
1845.7166748046875
1819.9639892578125
1354.5826416015625
872.5074462890625
1695.5386962890625
1507.1817626953125
1634.8692626953125
776.6650390625
1417.9639892578125
955.0551147460938
1485.3265380859375
1320.5867919921875
1574.3270263671875
1885.0323486328125
1664.830322265625
1033.4019775390625
1593.40185546875
1609.912841796875
1197.635986328125
1392.2237548828125
1833.3497314453125
1786.9967041015625
1657.3050537109375
1747.0198974609375
1509.185791015625
1972.5087890625
1630.7254638671875
1872.2579345703125
1892.036865234375
1276.4425048828125
1475.4901123046875
1547.2196044921875
1268.0386962890625
1738.0745849609375
1734.1773681640625
1931.8719482421875
1528.2283935546875
1686.71142578125
2071.0361328125
571.4844970703125
1312.8785400390625
706.3402709960938
1738.815185546875
1676.5054931640625
1624.331298828125
1427.6876220703125
723.389404296875
1321.1417236328125
1383.8575439453125
1456.928955078125
1228.7554931640625
1821.4749755859375
1923.6754150390625
1250.2706298828125
1947.9595947265625
769.7899780273438
1587.4884033203125
992.5120849609375
1613.6331787109375
1171.56787109375
1124.9947509765625
1637.579345703125
1487.629638671875
1176.0032958984375
698.1475830078125
1526.6527099609375
1487.99267578125
1502.23828125
1780.6226806640625
1736.21044921875
1471.5972900390625
1801.9864501953125
1742.3067626953125
1521.3662109375
1552.5537109375
1413.1495361328125
1310.4259033203125
1449.380126953125
2151.1142578125
1003.4452514648438
984.6597290039062
1943.8189697265625
699.9547119140625
1877.898193359375
1586.6539306640625
1515.739990234375
1417.35107421875
1747.04736328125
1316.4991455078125
1881.0057373046875
1812.2452392578125
1087.0718994140625
1764.2513427734375
1141.6494140625
698.166259765625
1398.5045166015625
917.0533447265625
1798.8382568359375
1984.29541015625
1584.2904052734375
1440.5350341796875
1671.0634765625
263.6757507324219
1687.384765625
1210.4219970703125
1234.4676513671875
1796.986083984375
1139.3507080078125
887.3348999023438
1778.7626953125
904.6983642578125
1364.516845703125
1734.0054931640625
762.0596923828125
1395.553955078125
687.64794921875
702.6788330078125
1435.1883544921875
1820.7796630859375
1185.2825927734375
1666.8599853515625
1542.8543701171875
1103.0020751953125
1932.5938720703125
1692.4317626953125
1651.8231201171875
1589.0462646484375
1389.9661865234375
1490.0474853515625
708.5527954101562
1754.1480712890625
1850.1829833984375
864.6181640625
712.86376953125
946.5775146484375
1724.801025390625
1868.7637939453125
1180.3880615234375
2022.0299072265625
1302.7183837890625
1255.1343994140625
1957.3953857421875
1305.5242919921875
1999.8026123046875
881.077880859375
1446.07275390625
1574.007080078125
1013.6300048828125
1913.729248046875
1307.15478515625
1275.7322998046875
1778.649169921875
1391.6890869140625
1022.31494140625
1846.7591552734375
2064.86767578125
1555.6688232421875
1643.9427490234375
1168.0545654296875
1158.4608154296875
1340.8170166015625
1611.3233642578125
1292.0806884765625
1950.3447265625
1559.7623291015625
1368.41552734375
1220.0533447265625
845.69775390625
1774.62158203125
1632.0823974609375
1224.9920654296875
1516.8477783203125
1965.220458984375
2302.75439453125
734.652099609375
1833.049072265625
1655.7789306640625
807.613525390625
276.6329040527344
1575.8941650390625
1394.9434814453125
1391.2813720703125
1130.6583251953125
823.2005004882812
1647.9522705078125
1756.531982421875
1500.4967041015625
1741.9107666015625
1610.37841796875
1434.8909912109375
1007.5060424804688
1609.7081298828125
1049.326904296875
1199.5467529296875
1536.7408447265625
1175.736572265625
1067.2633056640625
695.6104736328125
1023.1395263671875
1864.0750732421875
2105.92822265625
1744.7384033203125
1894.2430419921875
1169.0343017578125
1617.6927490234375
1630.3590087890625
1167.5477294921875
1349.2119140625
2029.9486083984375
1228.841064453125
1691.293212890625
1685.7254638671875
2094.1982421875
1528.9549560546875
1404.4241943359375
1497.9678955078125
1968.9112548828125
955.3377685546875
905.4097900390625
1425.71630859375
1577.525634765625
1014.0340576171875
1016.6708374023438
1241.8785400390625
1286.0355224609375
1841.9620361328125
1459.2513427734375
1333.154541015625
1834.22900390625
1678.9608154296875
1631.5228271484375
243.90432739257812
356.16522216796875
2061.11865234375
1633.9398193359375
1039.6051025390625
1893.3829345703125
854.2937622070312
1081.45703125
681.2902221679688
1625.8236083984375
1215.0037841796875
1996.9742431640625
894.556884765625
1647.5577392578125
1457.2596435546875
701.861572265625
1969.087646484375
1197.9560546875
751.5092163085938
1255.2901611328125
1711.345703125
1647.3914794921875
1296.3323974609375
1895.5074462890625
1501.902587890625
682.6769409179688
1828.58837890625
2106.65234375
1433.898681640625
2092.9072265625
1285.728515625
2299.962890625
1237.4815673828125
1809.8759765625
1001.4868774414062
1433.73974609375
883.5594482421875
1229.2999267578125
1587.3831787109375
1572.9368896484375
1326.5892333984375
1557.587890625
783.569091796875
752.9362182617188
1393.5347900390625
1234.785888671875
2024.0107421875
2015.2904052734375
1554.7779541015625
789.1224975585938
1250.9134521484375
1081.5252685546875
858.762451171875
1619.293212890625
927.9871826171875
1540.9591064453125
1403.242431640625
1460.324951171875
1457.051025390625
1700.6473388671875
940.8594970703125
1020.6923828125
1790.4527587890625
1374.7618408203125
1986.66650390625
1021.8707885742188
911.0000610351562
1900.9210205078125
1029.190185546875
1393.1588134765625
1660.6822509765625
1646.0924072265625
1306.4761962890625
217.9217529296875
1827.59423828125
1353.5670166015625
2086.90966796875
1368.9429931640625
1550.9669189453125
1280.135986328125
2023.498291015625
1741.1197509765625
1742.5345458984375
1676.5244140625
1762.702880859375
777.775146484375
1980.1685791015625
1576.2730712890625
1528.6883544921875
1710.1795654296875
1807.4600830078125
1530.0706787109375
1430.0467529296875
1907.6307373046875
1803.5574951171875
1174.10986328125
1776.1761474609375
1424.570068359375
949.656005859375
846.9110717773438
1435.8426513671875
1969.6488037109375
1178.2857666015625
856.5906372070312
1592.7803955078125
785.3831176757812
1608.4412841796875
1371.375
1186.1949462890625
1584.8341064453125
1612.3485107421875
1598.572998046875
1063.4337158203125
1757.2982177734375
1198.3321533203125
1149.5247802734375
1156.7589111328125
1495.5638427734375
1583.0003662109375
1598.16796875
1167.6583251953125
1291.6827392578125
845.5154418945312
1848.9632568359375
1266.8143310546875
1652.694091796875
1169.5577392578125
2229.494384765625
1929.1861572265625
1213.68603515625
1949.012939453125
1256.7073974609375
1743.3629150390625
1564.1434326171875
1321.8421630859375
1453.03759765625
1619.4327392578125
1346.6494140625
725.1512451171875
1578.5986328125
1405.0255126953125
959.471923828125
2031.1998291015625
1299.0263671875
1821.2152099609375
1081.9681396484375
1479.206787109375
1150.8824462890625
1937.529541015625
1595.7508544921875
2021.0399169921875
1632.966552734375
1690.8240966796875
1723.1015625
939.8077392578125
1635.5906982421875
799.7969970703125
1435.0821533203125
1108.6954345703125
1208.8128662109375
1256.1285400390625
2026.1339111328125
1759.2464599609375
1555.693359375
1242.8392333984375
1053.2738037109375
1636.5909423828125
2198.95654296875
1822.1578369140625
591.5460205078125
1168.7972412109375
1084.894287109375
1624.512451171875
1499.561279296875
1588.97314453125
1677.7230224609375
1542.39111328125
275.2128601074219
1523.79736328125
1793.4112548828125
1446.1295166015625
1591.2081298828125
1053.2769775390625
1916.59814453125
1893.5928955078125
1114.491943359375
575.4610595703125
2214.035400390625
1178.6021728515625
1688.0355224609375
1692.6959228515625
1405.5906982421875
1963.6512451171875
1271.3402099609375
1819.43408203125
1869.0206298828125
511.5574645996094
1372.11767578125
318.56573486328125
1759.9464111328125
882.047607421875
895.7998657226562
1889.6903076171875
2024.8525390625
831.914306640625
1471.90966796875
1619.7891845703125
2077.146484375
1819.4683837890625
357.9604187011719
1637.0096435546875
1157.80126953125
1936.813232421875
1409.0311279296875
2044.2069091796875
2003.7091064453125
1982.1278076171875
1519.6004638671875
1671.6060791015625
1253.9844970703125
1535.4554443359375
733.5811767578125
1647.0223388671875
1507.6966552734375
937.4115600585938
1099.853759765625
1725.3758544921875
1321.7335205078125
1793.8798828125
252.296142578125
1771.1092529296875
1686.38232421875
1064.3660888671875
1091.6942138671875
797.3489379882812
1559.4344482421875
1243.5118408203125
1160.7576904296875
1316.3748779296875
1093.2503662109375
1570.2257080078125
1499.2100830078125
1111.611572265625
1490.26171875
1641.097412109375
1409.704833984375
1568.540283203125
1417.205810546875
1687.9627685546875
1934.13134765625
1099.6597900390625
1278.1297607421875
1050.6468505859375
1582.2344970703125
918.6793212890625
692.5516357421875
1301.6954345703125
855.6275634765625
1911.120361328125
1381.3707275390625
1017.698486328125
1846.8126220703125
1135.8267822265625
1950.6173095703125
1329.6231689453125
1356.2996826171875
1391.0950927734375
817.7420654296875
1326.7064208984375
1328.7840576171875
1422.27490234375
1881.7803955078125
865.9993896484375
1332.277099609375
1437.5379638671875
1830.85693359375
503.6750793457031
1399.118408203125
1355.772216796875
926.37744140625
1970.2005615234375
1871.1270751953125
1089.0086669921875
1359.6727294921875
1296.7271728515625
1656.8084716796875
1631.974365234375
1418.9237060546875
1206.05908203125
857.356689453125
2129.5634765625
1184.0233154296875
2077.634765625
1144.0550537109375
928.606689453125
1996.0560302734375
1340.1763916015625
1601.8680419921875
1245.3624267578125
1574.390869140625
1598.3253173828125
1303.7979736328125
1269.031982421875
885.67431640625
1373.5650634765625
1359.055419921875
1405.5511474609375
1459.6365966796875
802.054931640625
1473.2176513671875
1058.2626953125
1404.4486083984375
1427.7265625
1690.462158203125
1993.4276123046875
1639.4404296875
1335.5223388671875
1971.90234375
993.1981811523438
1566.7054443359375
1191.18701171875
1725.5826416015625
1241.2691650390625
1260.9393310546875
1596.8865966796875
1667.4720458984375
1687.1153564453125
792.2384033203125
1203.7164306640625
2114.37109375
1753.1864013671875
1698.8392333984375
1353.6234130859375
2013.629150390625
1779.54052734375
2020.3978271484375
1571.6514892578125
1556.6695556640625
1589.194091796875
1773.008056640625
1524.561767578125
1250.3787841796875
1491.4219970703125
1542.8291015625
1341.65185546875
659.37841796875
1096.44140625
1853.9581298828125
1296.664794921875
1643.9212646484375
1989.4219970703125
1812.8292236328125
1574.8565673828125
888.3529052734375
1585.78369140625
1898.0736083984375
388.2944641113281
1492.201904296875
1450.1702880859375
1577.6107177734375
1609.4581298828125
1197.2298583984375
1411.360107421875
762.9607543945312
579.8209228515625
1376.1527099609375
1862.608642578125
2086.57080078125
1926.1668701171875
1804.515869140625
1463.2734375
1715.7291259765625
1808.56103515625
1939.4122314453125
901.019775390625
1784.08740234375
619.493896484375
919.9010009765625
1087.2469482421875
1510.8548583984375
1043.120849609375
1623.2269287109375
1190.777587890625
1580.9852294921875
1631.2347412109375
1696.640869140625
1459.1033935546875
1465.65380859375
1714.0504150390625
1278.6121826171875
1609.3228759765625
1967.8458251953125
1681.3048095703125
1038.352783203125
1222.1636962890625
1777.524169921875
1274.088623046875
1420.0645751953125
841.4952392578125
944.5618896484375
1569.1514892578125
1812.3297119140625
944.9465942382812
875.5614624023438
1192.3494873046875
1732.8994140625
1354.4110107421875
1416.59765625
979.5191650390625
1778.2882080078125
1630.0841064453125
1575.9075927734375
1666.15966796875
1404.6080322265625
1322.13671875
665.5716552734375
1380.6595458984375
900.7943115234375
931.6919555664062
1885.5660400390625
2041.267822265625
1270.4820556640625
2044.0694580078125
981.3170776367188
1268.7247314453125
1054.3978271484375
911.904541015625
1088.00146484375
1260.252197265625
1553.1741943359375
1456.9952392578125
836.9420166015625
1551.2061767578125
1855.0770263671875
1461.1990966796875
1346.331787109375
1740.4969482421875
1537.325439453125
1894.0115966796875
1278.3204345703125
1125.2178955078125
1481.7542724609375
1785.402099609375
1340.0242919921875
1279.9798583984375
1557.9013671875
1202.7105712890625
549.5091552734375
1765.4486083984375
1579.5469970703125
912.9382934570312
1212.905517578125
1287.4166259765625
942.4428100585938
1665.1036376953125
1551.7967529296875
1182.154296875
1160.1614990234375
1705.415771484375
1650.4534912109375
1752.5257568359375
1838.0091552734375
1462.920654296875
1455.897216796875
1723.8446044921875
1800.96728515625
1692.4864501953125
1959.2642822265625
1897.98779296875
1619.7646484375
1731.2110595703125
1196.6661376953125
1487.6343994140625
1307.4278564453125
1222.2110595703125
1770.78173828125
1322.865966796875
1244.1685791015625
1716.6336669921875
712.18310546875
1887.7381591796875
1186.1380615234375
1007.1734008789062
1102.3233642578125
1984.2398681640625
1571.6883544921875
1515.2291259765625
1625.42041015625
1398.1871337890625
1599.2659912109375
880.77587890625
1330.7796630859375
954.5889892578125
1491.6470947265625
1779.72412109375
1032.7403564453125
1386.4451904296875
1437.7525634765625
973.96826171875
1289.0438232421875
923.2534790039062
1603.1275634765625
1836.9200439453125
958.7030029296875
1321.176513671875
754.3627319335938
1654.5384521484375
536.3426513671875
1178.8021240234375
806.0670166015625
1485.3431396484375
1601.0230712890625
2110.4794921875
2153.389892578125
1334.7335205078125
1969.5274658203125
770.92578125
912.191162109375
1965.4830322265625
1659.6119384765625
1413.1842041015625
1438.3023681640625
1588.6285400390625
1281.8580322265625
1936.972900390625
1623.4141845703125
1010.1505126953125
2138.55859375
2144.771484375
2050.7490234375
1656.9107666015625
1614.538818359375
830.468017578125
1578.46435546875
1273.575927734375
1535.463134765625
1510.626953125
1015.046142578125
565.013916015625
2052.25927734375
1406.9837646484375
820.1884155273438
1431.2103271484375
1631.1185302734375
1256.9183349609375
1635.6175537109375
1953.63037109375
1033.3223876953125
827.7448120117188
1325.2332763671875
1778.6248779296875
820.1800537109375
688.800048828125
602.419677734375
1761.3447265625
1687.932373046875
1491.6820068359375
1882.6102294921875
1312.6654052734375
2037.6290283203125
1691.367919921875
1411.3006591796875
1595.944580078125
2081.491455078125
1516.6363525390625
1356.48681640625
1577.7960205078125
1000.1544189453125
732.946533203125
1549.5152587890625
1648.4307861328125
1650.748291015625
1642.4376220703125
911.9825439453125
1893.1885986328125
1836.6187744140625
1711.3560791015625
1889.32763671875
1685.546630859375
1781.9345703125
1439.7318115234375
2350.3076171875
1793.1806640625
1169.5643310546875
787.5858764648438
860.1038818359375
1810.9351806640625
1062.1533203125
1659.5611572265625
1727.1195068359375
1606.8055419921875
1302.5302734375
1384.1800537109375
1362.69482421875
1527.5433349609375
804.0379638671875
1334.29248046875
1862.95654296875
803.6119384765625
1702.64453125
1004.168212890625
1628.6812744140625
1518.5341796875
1205.1126708984375
782.167724609375
1514.8701171875
1451.53466796875
1393.2620849609375
1633.7774658203125
1267.8096923828125
1787.2886962890625
1321.3497314453125
1474.8345947265625
1354.17578125
1907.84619140625
1003.8167114257812
1808.3875732421875
1674.6680908203125
1631.887451171875
624.7659912109375
585.6776123046875
1847.1141357421875
1183.512939453125
845.8587646484375
1574.6329345703125
1066.9998779296875
1629.8389892578125
1799.3822021484375
1655.4603271484375
1816.6143798828125
1687.7442626953125
1565.6348876953125
1867.7886962890625
1819.774169921875
1360.6551513671875
1492.5750732421875
1515.8843994140625
1352.8519287109375
1137.5924072265625
1087.0726318359375
1601.0772705078125
1364.464111328125
1273.07080078125
1601.2698974609375
1613.68798828125
1322.1749267578125
1616.7337646484375
1780.2320556640625
713.5917358398438
698.04052734375
1736.4935302734375
1448.5037841796875
1490.0992431640625
1743.4969482421875
1611.7867431640625
1267.6793212890625
1118.0601806640625
1685.8612060546875
1359.2091064453125
983.9132690429688
1901.8604736328125
1532.9962158203125
1854.9517822265625
1497.20263671875
1656.3641357421875
1181.2093505859375
1430.98095703125
1623.3790283203125
1741.7115478515625
2188.990478515625
1019.207763671875
637.3087768554688
1333.7076416015625
1532.9500732421875
956.335693359375
756.5173950195312
1804.152099609375
1208.8074951171875
1907.6185302734375
1226.9371337890625
1781.4154052734375
1864.7835693359375
1711.2457275390625
974.7265625
1509.846435546875
1648.826416015625
1099.0001220703125
720.047607421875
609.065185546875
1269.8604736328125
1822.9029541015625
1721.3350830078125
647.175048828125
1426.3707275390625
1539.3765869140625
1714.1683349609375
1577.77734375
2028.567626953125
1981.5269775390625
1815.641357421875
1474.333251953125
2005.1353759765625
1013.4762573242188
1074.4571533203125
426.8155822753906
1716.1483154296875
1539.413330078125
1362.8135986328125
1598.7962646484375
1622.3465576171875
2150.6396484375
1846.8563232421875
1834.1737060546875
1493.2296142578125
1326.38720703125
1539.895751953125
1591.49560546875
1992.9627685546875
1968.6990966796875
1347.732666015625
780.58544921875
1689.5836181640625
1529.02490234375
1270.276611328125
1440.93115234375
1424.2647705078125
1947.1541748046875
1105.0184326171875
1043.763427734375
1304.394287109375
399.7142639160156
1582.7802734375
1608.833740234375
1622.2552490234375
1448.2864990234375
1260.29833984375
1154.5765380859375
1401.4600830078125
1081.0040283203125
551.2755126953125
1617.0731201171875
871.6099243164062
1639.9114990234375
987.7616577148438
1818.80859375
962.64306640625
1934.6234130859375
1857.5743408203125
1885.4420166015625
1674.51904296875
1872.26708984375
1315.410400390625
1906.2008056640625
540.4954223632812
1266.7149658203125
2197.53076171875
1065.439208984375
1241.45751953125
1487.978759765625
1584.8599853515625
401.1504821777344
1518.5743408203125
1515.7628173828125
1314.6304931640625
1907.2640380859375
1914.5032958984375
357.9141540527344
1597.5391845703125
478.1661376953125
1643.4654541015625
1439.1953125
1650.97607421875
1449.98486328125
1771.3165283203125
2115.8349609375
502.7061767578125
254.64959716796875
1442.305908203125
1167.0325927734375
1238.4189453125
1330.8804931640625
816.306640625
1738.5482177734375
913.425048828125
1836.3746337890625
1607.2386474609375
827.0228271484375
843.0586547851562
1268.4849853515625
1760.569580078125
1836.6373291015625
800.45263671875
1682.1932373046875
1594.0572509765625
1125.3416748046875
580.6162109375
726.0386962890625
1523.6390380859375
1342.233642578125
1128.8924560546875
1444.357666015625
915.4947509765625
1664.77001953125
617.953125
1243.5572509765625
1591.6820068359375
1608.5885009765625
2082.35107421875
1618.034912109375
1538.6146240234375
922.9347534179688
1758.9322509765625
802.614013671875
1598.9373779296875
1229.7069091796875
1676.2174072265625
1293.749267578125
1259.8936767578125
1504.6644287109375
1513.4403076171875
1598.8948974609375
1523.2232666015625
1963.2208251953125
1807.350341796875
1886.0928955078125
893.3021240234375
1817.7645263671875
1350.307861328125
1495.4144287109375
2012.985107421875
1597.644775390625
1711.223388671875
804.7843017578125
1203.6802978515625
1285.5516357421875
2017.7203369140625
1452.1390380859375
1927.0765380859375
1738.7901611328125
867.8065185546875
1609.7503662109375
1689.6202392578125
1875.0150146484375
1100.2508544921875
1131.7960205078125
848.070556640625
1482.344970703125
2174.75146484375
1020.7225952148438
1846.9930419921875
1594.9818115234375
1232.9656982421875
630.784423828125
1709.1102294921875
792.748046875
1577.4149169921875
623.84619140625
1164.76025390625
1132.8558349609375
1304.84228515625
1951.8349609375
2067.7548828125
873.7127685546875
1675.4000244140625
893.2320556640625
730.3173217773438
1434.9163818359375
1186.099609375
735.2446899414062
1384.702880859375
1788.080322265625
1173.5306396484375
1353.891845703125
1170.4923095703125
1303.6868896484375
1448.5938720703125
1532.7000732421875
1223.7509765625
1331.2239990234375
1329.7928466796875
469.7567138671875
608.1531982421875
1608.42626953125
1217.6209716796875
1186.2935791015625
1070.4796142578125
1434.4439697265625
1121.7027587890625
997.2841796875
1782.974609375
863.5621337890625
932.7269897460938
1497.6417236328125
1650.27197265625
1633.1922607421875
1164.3773193359375
1652.1453857421875
1600.3492431640625
1691.62939453125
1420.305908203125
1948.2569580078125
1411.550048828125
1602.2542724609375
1828.7852783203125
1127.6436767578125
1784.0186767578125
1517.6241455078125
1716.51513671875
1412.7720947265625
1325.2874755859375
1751.680908203125
1404.2559814453125
1899.827392578125
2002.1507568359375
1877.91748046875
1897.0328369140625
1642.9613037109375
1332.8638916015625
1604.377685546875
1739.348876953125
1277.96875
1418.96923828125
1065.275390625
1610.1435546875
2019.9268798828125
1798.9652099609375
2073.338623046875
1422.5445556640625
964.66064453125
1327.3067626953125
1687.6558837890625
1570.1702880859375
1845.7696533203125
598.695556640625
1437.268310546875
473.4065246582031
1394.5135498046875
2035.286376953125
1514.5823974609375
1560.4459228515625
1035.093505859375
948.177734375
1640.0601806640625
1319.3748779296875
1336.2275390625
1498.6177978515625
1347.711669921875
1931.5491943359375
1662.217041015625
677.0516967773438
1212.355712890625
1737.9814453125
1287.5772705078125
1355.2855224609375
1491.8466796875
1592.5447998046875
1125.15576171875
700.4786376953125
497.79205322265625
1813.5325927734375
920.9033203125
1729.9547119140625
1936.6016845703125
1568.4879150390625
1550.1124267578125
2000.513671875
874.056884765625
1368.25
1508.6968994140625
1341.0361328125
1356.0650634765625
743.2203979492188
1816.4713134765625
1627.7918701171875
1453.8291015625
495.7995300292969
1192.2718505859375
1608.043212890625
1567.085693359375
1069.510009765625
1850.252197265625
945.4896240234375
861.2813720703125
1386.3623046875
1274.0992431640625
1801.709228515625
1306.0291748046875
1244.8494873046875
1942.6190185546875
2082.234375
1838.349609375
1431.6563720703125
1114.2025146484375
628.7554931640625
1776.6065673828125
1429.8935546875
1730.722412109375
384.5097961425781
1790.5279541015625
1721.4150390625
1736.2906494140625
1589.88818359375
1827.0345458984375
980.55419921875
796.8950805664062
1788.4794921875
1726.9361572265625
1685.9959716796875
1394.7115478515625
1298.6416015625
1387.41552734375
1044.5491943359375
909.6266479492188
1961.4150390625
1067.244873046875
1358.5404052734375
1478.3426513671875
1152.96630859375
1161.3101806640625
1591.8656005859375
1976.5145263671875
1468.0325927734375
575.1947021484375
1472.5213623046875
1059.9705810546875
1692.713623046875
1602.9647216796875
1352.665283203125
1773.3682861328125
1530.8629150390625
1580.8753662109375
2062.625
1583.9241943359375
1138.7249755859375
1417.287841796875
2280.23779296875
1237.79541015625
1580.34765625
1629.7188720703125
1139.476318359375
1283.885009765625
1490.5782470703125
1021.47705078125
1593.012451171875
868.6748046875
1470.075439453125
1020.488525390625
1252.654052734375
1590.4940185546875
685.3510131835938
1400.0921630859375
1995.1553955078125
909.1015625
2183.061279296875
1033.4827880859375
1199.169921875
960.4774169921875
1623.0394287109375
1857.4573974609375
1399.5101318359375
1533.6524658203125
1281.18017578125
1014.6961059570312
799.7125854492188
1821.8575439453125
1176.13671875
1938.4952392578125
1799.274169921875
1712.7000732421875
1107.5072021484375
1480.7001953125
1449.2794189453125
1824.5340576171875
1178.2554931640625
1406.1246337890625
1709.3416748046875
784.7210693359375
1800.5751953125
1866.0794677734375
1868.202392578125
1875.8465576171875
1822.79248046875
1092.525634765625
1729.3197021484375
278.6864929199219
1397.9246826171875
1161.0023193359375
1410.577392578125
821.19921875
2225.502685546875
1343.643310546875
1416.9908447265625
963.82568359375
2042.36669921875
943.0396728515625
170.39601135253906
916.2030029296875
1108.82470703125
1910.1695556640625
1989.9918212890625
1781.8756103515625
1624.1583251953125
1860.8062744140625
1290.5562744140625
1668.8824462890625
1011.303955078125
1218.412841796875
1551.3768310546875
961.8344116210938
847.7448120117188
1622.8326416015625
1181.9656982421875
725.4049072265625
1376.4473876953125
1714.7681884765625
1501.1397705078125
1664.36572265625
1852.4945068359375
1233.5460205078125
1986.1658935546875
1658.9783935546875
1527.3414306640625
1710.5111083984375
1363.8524169921875
1276.7200927734375
749.4288330078125
1071.2127685546875
561.1426391601562
1660.6763916015625
1630.9837646484375
1707.4461669921875
1561.919921875
1293.1580810546875
1354.566162109375
1301.5697021484375
620.09912109375
1773.5518798828125
1865.9051513671875
1508.513427734375
1867.8856201171875
1604.1212158203125
1384.9520263671875
2101.49169921875
819.56201171875
1364.2186279296875
799.07080078125
1679.19970703125
1452.7347412109375
976.2901611328125
1224.6182861328125
1818.173095703125
1789.5113525390625
1657.4517822265625
1410.1900634765625
835.1071166992188
2024.167724609375
911.1575927734375
1402.4427490234375
1532.2410888671875
1210.9888916015625
1516.1187744140625
1366.0968017578125
1441.5235595703125
1169.1519775390625
993.0406494140625
1981.0460205078125
1622.2684326171875
699.669677734375
1822.0474853515625
1348.0958251953125
1670.306884765625
601.3401489257812
1805.1617431640625
1509.4141845703125
522.5882568359375
1202.0283203125
1528.2232666015625
243.20944213867188
1415.6182861328125
1334.951904296875
1323.9208984375
1739.5855712890625
1463.44775390625
1147.4765625
1884.996337890625
2285.517578125
610.7244873046875
1604.13720703125
612.5489501953125
1594.6009521484375
1517.4920654296875
1185.7945556640625
1990.8057861328125
1795.982421875
1737.4444580078125
1516.5587158203125
1357.9278564453125
1949.3341064453125
1099.7352294921875
1775.7098388671875
1441.6185302734375
1349.7901611328125
1246.4639892578125
1741.650146484375
442.5942687988281
1052.3114013671875
986.3693237304688
945.4736328125
1810.405029296875
763.8294067382812
1042.6544189453125
1876.76025390625
1509.2371826171875
1235.3577880859375
332.4596252441406
1366.6053466796875
1058.3902587890625
994.8923950195312
1169.7381591796875
888.25
1696.6361083984375
1707.4959716796875
1917.853515625
1469.1387939453125
1744.910400390625
940.751953125
1675.8646240234375
1711.0498046875
1590.7139892578125
1529.9078369140625
2243.5224609375
1291.1524658203125
1543.5831298828125
1387.3499755859375
1303.7681884765625
2045.9061279296875
1867.9852294921875
1632.232666015625
1017.544189453125
1746.9447021484375
850.1209716796875
1423.8157958984375
917.4859008789062
1799.4639892578125
1496.9405517578125
1221.5048828125
1586.6434326171875
1679.7813720703125
2108.1396484375
1641.9937744140625
277.7102355957031
1576.0330810546875
1715.2784423828125
1400.0445556640625
1071.216552734375
1409.75146484375
1548.0711669921875
1296.1356201171875
939.175537109375
1913.5389404296875
1631.0186767578125
1584.7032470703125
2083.29443359375
2080.462646484375
1564.984619140625
1303.1336669921875
1630.1029052734375
1606.6251220703125
1404.2218017578125
407.1765441894531
1629.5576171875
1868.221435546875
1397.9638671875
1230.3917236328125
1770.540283203125
645.6666870117188
660.46630859375
620.8628540039062
1943.0472412109375
1297.5985107421875
